Complete graph on 4 verticies
single integral first term:
{(0, 1), (1, 2), (0, 3), (2, 3), (0, 2), (1, 3)}
single integral second term:
set()
single integral term:
{(0, 1), (0, 2), (0, 3)}
single integral:
True
tau convexity:
True

Complete graph on 5 verticies
single integral first term:
{(0, 1), (2, 4), (1, 2), (0, 4), (3, 4), (0, 3), (1, 4), (2, 3), (0, 2), (1, 3)}
single integral second term:
set()
single integral term:
{(0, 1), (1, 2), (0, 4), (0, 3), (0, 2), (1, 3)}
single integral:
True
tau convexity:
True

Complete graph on 6 verticies
single integral first term:
{(0, 1), (2, 4), (1, 2), (0, 4), (3, 4), (1, 5), (0, 3), (1, 4), (2, 3), (0, 2), (4, 5), (0, 5), (2, 5), (1, 3), (3, 5)}
single integral second term:
{(0, 4)}
single integral term:
{(0, 1), (2, 4), (1, 2), (0, 4), (3, 4), (1, 5), (0, 3), (1, 4), (2, 3), (0, 2), (4, 5), (0, 5), (2, 5), (1, 3), (3, 5)}
single integral:
True
tau convexity:
True

Complete graph on 7 verticies
single integral first term:
{(3, 4), (4, 6), (0, 2), (0, 5), (1, 6), (2, 5), (1, 3), (4, 5), (5, 6), (3, 6), (0, 1), (2, 4), (1, 2), (0, 4), (1, 5), (3, 5), (0, 3), (1, 4), (0, 6), (2, 3), (2, 6)}
single integral second term:
set()
single integral term:
{(3, 4), (4, 6), (0, 2), (0, 5), (2, 5), (1, 3), (4, 5), (5, 6), (3, 6), (0, 1), (2, 4), (1, 2), (0, 4), (1, 5), (3, 5), (0, 3), (1, 4), (0, 6), (2, 3), (2, 6)}
single integral:
True
tau convexity:
True

Complete graph on 8 verticies
single integral first term:
{(3, 4), (3, 7), (4, 6), (5, 7), (0, 2), (0, 5), (1, 6), (2, 5), (1, 3), (4, 5), (5, 6), (3, 6), (0, 1), (0, 7), (2, 4), (1, 2), (0, 4), (2, 7), (1, 5), (6, 7), (4, 7), (3, 5), (0, 3), (1, 4), (0, 6), (2, 3), (1, 7), (2, 6)}
single integral second term:
{(1, 4)}
single integral term:
{(3, 4), (3, 7), (4, 6), (5, 7), (0, 2), (0, 5), (1, 6), (2, 5), (1, 3), (4, 5), (3, 6), (0, 1), (0, 7), (2, 4), (1, 2), (0, 4), (2, 7), (1, 5), (6, 7), (4, 7), (3, 5), (0, 3), (1, 4), (0, 6), (2, 3), (1, 7), (2, 6)}
single integral:
True
tau convexity:
True

Complete graph on 9 verticies
single integral first term:
{(3, 4), (3, 7), (4, 6), (5, 7), (0, 2), (0, 5), (1, 6), (0, 8), (2, 5), (1, 3), (2, 8), (6, 8), (4, 5), (5, 6), (4, 8), (3, 6), (0, 1), (0, 7), (2, 4), (1, 2), (0, 4), (2, 7), (1, 5), (1, 8), (6, 7), (4, 7), (3, 5), (3, 8), (5, 8), (0, 3), (1, 4), (0, 6), (2, 3), (1, 7), (2, 6), (7, 8)}
single integral second term:
{(2, 4), (2, 5), (0, 4), (2, 8)}
single integral term:
{(3, 4), (3, 7), (4, 6), (5, 7), (0, 2), (0, 5), (1, 6), (0, 8), (2, 5), (1, 3), (2, 8), (6, 8), (4, 5), (5, 6), (4, 8), (3, 6), (0, 1), (0, 7), (2, 4), (1, 2), (0, 4), (2, 7), (1, 5), (1, 8), (6, 7), (4, 7), (3, 5), (3, 8), (5, 8), (0, 3), (1, 4), (0, 6), (2, 3), (1, 7), (2, 6), (7, 8)}
single integral:
True
tau convexity:
True

Complete bipartite graph on (3 , 3) verticies
single integral first term:
{(2, 4), (0, 4), (1, 5), (0, 3), (1, 4), (2, 3), (0, 5), (2, 5), (1, 3)}
single integral second term:
set()
single integral term:
{(0, 3), (0, 4), (0, 5)}
single integral:
True
tau convexity:
True

Complete bipartite graph on (4 , 4) verticies
single integral first term:
{(0, 7), (2, 4), (0, 4), (3, 4), (2, 7), (1, 5), (3, 7), (1, 4), (0, 6), (1, 7), (2, 6), (0, 5), (3, 6), (1, 6), (2, 5), (3, 5)}
single integral second term:
set()
single integral term:
{(0, 7), (2, 4), (0, 4), (2, 7), (1, 5), (3, 7), (0, 6), (1, 7), (0, 5), (1, 6), (2, 5), (3, 5)}
single integral:
True
tau convexity:
True

Complete bipartite graph on (5 , 5) verticies
single integral first term:
{(4, 9), (3, 7), (4, 6), (0, 5), (1, 6), (0, 8), (2, 5), (1, 9), (2, 8), (4, 5), (3, 9), (4, 8), (3, 6), (0, 7), (2, 7), (1, 5), (1, 8), (4, 7), (3, 5), (3, 8), (0, 9), (0, 6), (2, 9), (1, 7), (2, 6)}
single integral second term:
{(0, 8), (4, 7)}
single integral term:
{(3, 7), (4, 6), (0, 5), (1, 6), (0, 8), (2, 5), (1, 9), (2, 8), (4, 5), (4, 8), (3, 6), (0, 7), (2, 7), (1, 5), (1, 8), (4, 7), (3, 5), (3, 8), (0, 9), (0, 6), (2, 9), (1, 7), (2, 6)}
single integral:
True
tau convexity:
True

Complete bipartite graph on (6 , 6) verticies
single integral first term:
{(4, 9), (3, 7), (4, 6), (3, 10), (5, 7), (5, 10), (1, 6), (0, 8), (2, 11), (1, 9), (0, 11), (2, 8), (3, 9), (5, 6), (4, 8), (3, 6), (5, 9), (4, 11), (0, 7), (0, 10), (2, 7), (1, 11), (2, 10), (1, 8), (4, 7), (3, 11), (4, 10), (3, 8), (5, 11), (5, 8), (0, 9), (0, 6), (2, 9), (1, 7), (2, 6), (1, 10)}
single integral second term:
{(3, 8), (2, 9), (2, 6), (1, 10), (4, 8), (4, 7), (3, 11)}
single integral term:
{(4, 9), (3, 7), (4, 6), (3, 10), (5, 7), (1, 6), (0, 8), (2, 11), (1, 9), (0, 11), (2, 8), (3, 9), (4, 8), (3, 6), (5, 9), (4, 11), (0, 7), (0, 10), (2, 7), (1, 11), (2, 10), (1, 8), (4, 7), (3, 11), (4, 10), (3, 8), (5, 11), (5, 8), (0, 9), (0, 6), (2, 9), (1, 7), (2, 6), (1, 10)}
single integral:
True
tau convexity:
True

Complete bipartite graph on (7 , 7) verticies
single integral first term:
{(6, 12), (4, 9), (3, 7), (4, 12), (3, 10), (5, 7), (5, 13), (3, 13), (5, 10), (0, 8), (2, 11), (1, 9), (0, 11), (2, 8), (1, 12), (6, 11), (6, 8), (3, 9), (4, 8), (3, 12), (5, 9), (4, 11), (5, 12), (0, 7), (0, 10), (2, 7), (1, 11), (0, 13), (2, 10), (1, 8), (2, 13), (6, 7), (6, 13), (6, 10), (4, 7), (3, 11), (4, 10), (3, 8), (5, 11), (4, 13), (5, 8), (0, 9), (0, 12), (2, 9), (1, 7), (1, 13), (2, 12), (1, 10), (6, 9)}
single integral second term:
{(0, 10), (5, 8), (0, 12), (1, 13), (4, 8), (0, 11)}
single integral term:
{(6, 12), (4, 9), (3, 7), (4, 12), (3, 10), (5, 7), (5, 13), (3, 13), (5, 10), (0, 8), (2, 11), (1, 9), (0, 11), (2, 8), (1, 12), (6, 11), (6, 8), (3, 9), (4, 8), (3, 12), (5, 9), (4, 11), (5, 12), (0, 7), (0, 10), (2, 7), (1, 11), (0, 13), (2, 10), (1, 8), (2, 13), (6, 7), (6, 13), (6, 10), (4, 7), (3, 11), (4, 10), (3, 8), (5, 11), (4, 13), (5, 8), (0, 9), (0, 12), (2, 9), (1, 7), (1, 13), (2, 12), (1, 10), (6, 9)}
single integral:
True
tau convexity:
True

Complete bipartite graph on (8 , 8) verticies
single integral first term:
{(6, 12), (6, 15), (4, 9), (4, 12), (3, 10), (5, 13), (4, 15), (3, 13), (5, 10), (0, 8), (0, 14), (2, 11), (1, 9), (0, 11), (2, 8), (2, 14), (1, 12), (1, 15), (6, 11), (7, 10), (6, 8), (6, 14), (7, 13), (3, 9), (4, 8), (4, 14), (3, 12), (5, 9), (4, 11), (3, 15), (5, 12), (5, 15), (0, 10), (1, 11), (0, 13), (2, 10), (1, 8), (1, 14), (2, 13), (7, 9), (6, 13), (7, 12), (6, 10), (7, 15), (3, 11), (4, 10), (3, 8), (3, 14), (5, 11), (4, 13), (5, 8), (5, 14), (0, 9), (0, 12), (2, 9), (1, 13), (0, 15), (2, 12), (1, 10), (2, 15), (7, 11), (6, 9), (7, 8), (7, 14)}
single integral second term:
{(4, 13), (1, 11), (0, 13), (6, 8), (0, 9), (0, 12), (7, 9), (0, 15), (2, 12), (6, 10), (7, 11), (6, 9), (1, 9)}
single integral term:
{(6, 12), (6, 15), (4, 9), (4, 12), (3, 10), (5, 13), (4, 15), (3, 13), (5, 10), (0, 8), (0, 14), (2, 11), (1, 9), (0, 11), (2, 8), (2, 14), (1, 12), (1, 15), (6, 11), (7, 10), (6, 8), (6, 14), (7, 13), (3, 9), (4, 8), (4, 14), (3, 12), (5, 9), (4, 11), (3, 15), (5, 12), (5, 15), (0, 10), (1, 11), (0, 13), (2, 10), (1, 8), (1, 14), (2, 13), (7, 9), (6, 13), (7, 12), (6, 10), (7, 15), (3, 11), (4, 10), (3, 8), (3, 14), (5, 11), (4, 13), (5, 8), (5, 14), (0, 9), (0, 12), (2, 9), (1, 13), (0, 15), (2, 12), (1, 10), (2, 15), (7, 11), (6, 9), (7, 8), (7, 14)}
single integral:
True
tau convexity:
True

Ladder graph with 3 rows
single integral first term:
{(0, 1), (1, 2), (3, 4), (0, 3), (1, 4), (4, 5), (2, 5)}
single integral second term:
set()
single integral term:
{(0, 1), (0, 3)}
single integral:
True
tau convexity:
True

Ladder graph with 4 rows
single integral first term:
{(0, 1), (1, 2), (0, 4), (1, 5), (3, 7), (2, 3), (6, 7), (4, 5), (2, 6), (5, 6)}
single integral second term:
set()
single integral term:
{(0, 1), (0, 4)}
single integral:
True
tau convexity:
True

Ladder graph with 5 rows
single integral first term:
{(0, 1), (3, 8), (1, 2), (3, 4), (2, 7), (4, 9), (2, 3), (6, 7), (8, 9), (5, 6), (0, 5), (1, 6), (7, 8)}
single integral second term:
{(0, 1)}
single integral term:
{(0, 1), (0, 5)}
single integral:
True
tau convexity:
True

Ladder graph with 6 rows
single integral first term:
{(0, 1), (4, 10), (9, 10), (1, 2), (5, 11), (3, 4), (10, 11), (0, 6), (2, 3), (6, 7), (1, 7), (4, 5), (3, 9), (8, 9), (7, 8), (2, 8)}
single integral second term:
{(0, 1), (9, 10)}
single integral term:
{(0, 1), (2, 3), (0, 6)}
single integral:
True
tau convexity:
True

Ladder graph with 7 rows
single integral first term:
{(3, 4), (12, 13), (3, 10), (8, 9), (4, 5), (5, 6), (4, 11), (5, 12), (0, 1), (0, 7), (9, 10), (1, 2), (10, 11), (1, 8), (6, 13), (2, 3), (2, 9), (11, 12), (7, 8)}
single integral second term:
{(0, 1)}
single integral term:
{(0, 1), (0, 7), (10, 11), (3, 4), (11, 12)}
single integral:
True
tau convexity:
True

Ladder graph with 8 rows
single integral first term:
{(3, 4), (4, 12), (12, 13), (5, 13), (8, 9), (0, 8), (1, 9), (13, 14), (6, 14), (4, 5), (5, 6), (14, 15), (0, 1), (9, 10), (1, 2), (10, 11), (2, 10), (6, 7), (7, 15), (3, 11), (2, 3), (11, 12)}
single integral second term:
{(0, 1)}
single integral term:
{(0, 1), (0, 8)}
single integral:
True
tau convexity:
True

Ladder graph with 9 rows
single integral first term:
{(6, 15), (3, 4), (16, 17), (12, 13), (2, 11), (13, 14), (7, 16), (4, 5), (5, 6), (3, 12), (14, 15), (0, 1), (9, 10), (1, 2), (10, 11), (8, 17), (6, 7), (15, 16), (4, 13), (5, 14), (0, 9), (2, 3), (11, 12), (1, 10), (7, 8)}
single integral second term:
set()
single integral term:
{(0, 1), (6, 7), (14, 15)}
single integral:
True
tau convexity:
True

Grid graph with 3 rows and columns
single integral first term:
{(0, 1), (1, 2), (3, 4), (5, 8), (0, 3), (1, 4), (6, 7), (4, 5), (3, 6), (2, 5), (4, 7), (7, 8)}
single integral second term:
{(0, 1), (0, 3)}
single integral term:
{(0, 1), (0, 3)}
single integral:
True
tau convexity:
True

Grid graph with 4 rows and columns
single integral first term:
{(3, 7), (12, 13), (8, 9), (8, 12), (13, 14), (4, 5), (5, 6), (4, 8), (5, 9), (14, 15), (0, 1), (9, 10), (1, 2), (0, 4), (9, 13), (10, 11), (1, 5), (10, 14), (6, 7), (6, 10), (2, 3), (2, 6), (11, 15), (7, 11)}
single integral second term:
{(7, 11)}
single integral term:
{(0, 1), (9, 10), (13, 14), (0, 4), (6, 7)}
single integral:
True
tau convexity:
True

Grid graph with 5 rows and columns
single integral first term:
{(18, 23), (3, 4), (4, 9), (16, 17), (12, 13), (21, 22), (22, 23), (5, 10), (8, 9), (14, 19), (0, 5), (9, 14), (1, 6), (17, 18), (10, 15), (13, 14), (19, 24), (6, 11), (15, 20), (18, 19), (5, 6), (23, 24), (0, 1), (1, 2), (10, 11), (2, 7), (11, 16), (6, 7), (15, 16), (7, 12), (16, 21), (20, 21), (3, 8), (12, 17), (2, 3), (8, 13), (11, 12), (17, 22), (13, 18), (7, 8)}
single integral second term:
{(0, 1), (18, 23), (5, 10), (14, 19), (0, 5)}
single integral term:
{(0, 1), (11, 16), (12, 13), (18, 19), (8, 13), (0, 5), (17, 18), (7, 8)}
single integral:
True
tau convexity:
True

Grid graph with 6 rows and columns
single integral first term:
{(6, 12), (15, 21), (24, 30), (3, 4), (26, 27), (16, 17), (12, 13), (21, 22), (20, 26), (22, 23), (29, 35), (31, 32), (8, 9), (27, 28), (25, 26), (2, 8), (11, 17), (13, 14), (32, 33), (7, 13), (16, 22), (18, 19), (25, 31), (26, 32), (4, 5), (3, 9), (12, 18), (14, 15), (21, 27), (22, 28), (0, 1), (9, 10), (8, 14), (1, 2), (10, 11), (17, 23), (19, 20), (28, 29), (27, 33), (13, 19), (6, 7), (15, 16), (24, 25), (33, 34), (18, 24), (20, 21), (4, 10), (5, 11), (14, 20), (23, 29), (34, 35), (0, 6), (2, 3), (9, 15), (1, 7), (10, 16), (19, 25), (28, 34), (30, 31), (7, 8)}
single integral second term:
{(0, 1), (13, 14), (17, 23), (14, 20), (27, 33), (32, 33), (0, 6), (10, 16), (19, 25), (11, 17)}
single integral term:
{(0, 1), (13, 14), (26, 27), (23, 29), (21, 22), (7, 13), (21, 27), (0, 6), (15, 16), (1, 7), (8, 9), (19, 25), (33, 34), (12, 18), (22, 28), (11, 17)}
single integral:
True
tau convexity:
True

Grid graph with 7 rows and columns
single integral first term:
{(25, 32), (44, 45), (35, 42), (8, 9), (40, 41), (31, 38), (27, 34), (32, 39), (18, 19), (14, 15), (5, 12), (9, 10), (0, 7), (1, 8), (15, 16), (6, 13), (47, 48), (42, 43), (33, 40), (38, 39), (29, 36), (39, 46), (16, 17), (7, 14), (12, 13), (3, 10), (22, 23), (40, 47), (45, 46), (36, 43), (46, 47), (4, 11), (23, 24), (14, 21), (9, 16), (19, 20), (10, 17), (24, 25), (37, 44), (38, 45), (34, 41), (11, 18), (30, 31), (25, 26), (16, 23), (26, 27), (21, 22), (12, 19), (31, 32), (17, 18), (8, 15), (41, 48), (5, 6), (18, 25), (23, 30), (1, 2), (28, 29), (19, 26), (15, 22), (29, 30), (2, 3), (30, 37), (3, 4), (35, 36), (26, 33), (21, 28), (22, 29), (17, 24), (36, 37), (13, 20), (32, 33), (4, 5), (0, 1), (10, 11), (37, 38), (28, 35), (33, 34), (24, 31), (43, 44), (20, 27), (39, 40), (11, 12), (2, 9), (7, 8)}
single integral second term:
{(0, 1), (0, 7), (33, 40), (10, 11), (45, 46), (38, 39), (20, 27), (39, 40), (37, 38), (22, 23), (22, 29), (40, 47), (24, 31), (30, 31), (23, 24)}
single integral term:
{(3, 4), (44, 45), (12, 19), (31, 32), (31, 38), (22, 29), (17, 18), (45, 46), (32, 33), (18, 19), (4, 5), (18, 25), (4, 11), (0, 1), (0, 7), (19, 20), (43, 44), (38, 45), (11, 12), (30, 37)}
single integral:
True
tau convexity:
True

Grid graph with 8 rows and columns
single integral first term:
{(41, 49), (18, 26), (44, 45), (8, 9), (14, 22), (40, 41), (9, 17), (15, 23), (41, 42), (18, 19), (47, 55), (42, 50), (14, 15), (9, 10), (38, 46), (48, 56), (16, 24), (42, 43), (12, 20), (38, 39), (22, 30), (48, 49), (49, 57), (13, 21), (16, 17), (45, 53), (55, 63), (12, 13), (22, 23), (51, 59), (46, 54), (23, 31), (49, 50), (13, 14), (19, 27), (45, 46), (50, 51), (51, 52), (20, 28), (46, 47), (52, 60), (19, 20), (24, 25), (53, 61), (30, 38), (56, 57), (25, 33), (20, 21), (26, 34), (52, 53), (21, 29), (31, 39), (57, 58), (17, 25), (27, 35), (53, 54), (30, 31), (25, 26), (54, 62), (26, 27), (21, 22), (50, 58), (5, 13), (17, 18), (1, 9), (27, 28), (28, 36), (54, 55), (24, 32), (5, 6), (60, 61), (29, 37), (1, 2), (2, 10), (28, 29), (3, 11), (29, 30), (35, 43), (61, 62), (2, 3), (36, 44), (62, 63), (3, 4), (32, 40), (58, 59), (35, 36), (4, 12), (0, 8), (10, 18), (36, 37), (37, 45), (6, 14), (32, 33), (4, 5), (33, 41), (59, 60), (43, 51), (0, 1), (10, 11), (39, 47), (34, 42), (11, 19), (37, 38), (6, 7), (7, 15), (33, 34), (43, 44), (44, 52), (8, 16), (34, 35), (11, 12), (40, 48)}
single integral second term:
{(41, 49), (35, 36), (4, 12), (5, 13), (14, 22), (36, 37), (15, 23), (24, 32), (59, 60), (43, 51), (29, 37), (46, 47), (0, 1), (38, 46), (37, 38), (30, 38), (42, 43), (29, 30), (20, 21), (35, 43), (44, 52), (52, 53), (12, 20), (38, 39), (31, 39), (34, 35), (45, 53)}
single integral term:
{(32, 40), (41, 49), (58, 59), (18, 26), (12, 13), (14, 22), (23, 31), (49, 50), (0, 8), (36, 37), (28, 36), (6, 14), (15, 23), (32, 33), (41, 42), (24, 32), (42, 50), (59, 60), (52, 60), (36, 44), (0, 1), (38, 46), (19, 20), (28, 29), (53, 54), (30, 38), (20, 21), (29, 30), (35, 43), (52, 53), (12, 20), (21, 29), (38, 39), (22, 30), (31, 39), (34, 35), (2, 3), (27, 35), (13, 21), (25, 26)}
single integral:
True
tau convexity:
True

Grid graph with 9 rows and columns
single integral first term:
{(72, 73), (24, 33), (67, 68), (61, 70), (20, 29), (40, 41), (2, 11), (57, 66), (53, 62), (41, 42), (30, 39), (18, 19), (73, 74), (25, 34), (35, 44), (14, 15), (9, 10), (31, 40), (74, 75), (68, 77), (27, 36), (15, 16), (47, 48), (42, 43), (64, 73), (59, 68), (38, 39), (5, 14), (48, 49), (60, 69), (0, 9), (75, 76), (1, 10), (16, 17), (33, 42), (12, 13), (22, 23), (77, 78), (29, 38), (49, 50), (66, 75), (13, 14), (45, 46), (55, 56), (7, 16), (50, 51), (62, 71), (51, 52), (3, 12), (46, 47), (58, 67), (23, 24), (78, 79), (40, 49), (19, 20), (36, 45), (24, 25), (79, 80), (56, 57), (63, 72), (32, 41), (20, 21), (52, 53), (4, 13), (14, 23), (57, 58), (69, 78), (10, 19), (65, 74), (30, 31), (37, 46), (25, 26), (47, 56), (6, 15), (21, 22), (43, 52), (31, 32), (38, 47), (70, 79), (39, 48), (27, 28), (34, 43), (11, 20), (54, 55), (64, 65), (71, 80), (5, 6), (60, 61), (12, 21), (67, 76), (44, 53), (1, 2), (8, 17), (28, 29), (45, 54), (41, 50), (29, 30), (18, 27), (51, 60), (61, 62), (2, 3), (9, 18), (19, 28), (56, 65), (15, 24), (3, 4), (58, 59), (42, 51), (52, 61), (48, 57), (36, 37), (68, 69), (63, 64), (32, 33), (16, 25), (4, 5), (59, 60), (26, 35), (69, 70), (21, 30), (0, 1), (22, 31), (10, 11), (65, 66), (17, 26), (49, 58), (37, 38), (54, 63), (6, 7), (13, 22), (33, 34), (55, 64), (43, 44), (50, 59), (70, 71), (39, 40), (46, 55), (34, 35), (23, 32), (11, 12), (66, 67), (76, 77), (28, 37), (7, 8)}
single integral second term:
{(58, 59), (67, 68), (42, 51), (43, 52), (52, 61), (77, 78), (38, 47), (48, 57), (36, 37), (34, 43), (13, 14), (53, 62), (50, 51), (59, 60), (35, 44), (5, 6), (51, 52), (60, 61), (58, 67), (69, 70), (23, 24), (65, 66), (37, 38), (27, 36), (36, 45), (54, 63), (56, 57), (33, 34), (50, 59), (59, 68), (5, 14), (39, 40), (48, 49), (57, 58), (0, 9), (60, 69)}
single integral term:
{(47, 56), (56, 65), (42, 51), (12, 13), (43, 52), (31, 32), (61, 70), (38, 47), (40, 41), (49, 50), (39, 48), (48, 57), (66, 75), (34, 43), (13, 14), (68, 69), (63, 64), (41, 42), (16, 25), (51, 52), (60, 61), (69, 70), (21, 30), (46, 47), (58, 67), (44, 53), (23, 24), (14, 15), (0, 1), (49, 58), (19, 20), (37, 38), (27, 36), (45, 54), (33, 34), (55, 64), (50, 59), (29, 30), (20, 21), (51, 60), (59, 68), (4, 13), (38, 39), (60, 69), (0, 9), (2, 3), (10, 19), (19, 28), (28, 37)}
single integral:
True
tau convexity:
True

Wheel graph with 3 spokes
single integral first term:
{(0, 1), (0, 2), (1, 2)}
single integral second term:
set()
single integral term:
{(0, 2)}
single integral:
True
tau convexity:
True

Wheel graph with 4 spokes
single integral first term:
{(0, 1), (1, 2), (0, 3), (2, 3), (0, 2), (1, 3)}
single integral second term:
set()
single integral term:
{(0, 1), (0, 2), (0, 3)}
single integral:
True
tau convexity:
True

Wheel graph with 5 spokes
single integral first term:
{(0, 1), (2, 4), (1, 2), (0, 4), (3, 4), (0, 3), (1, 4), (2, 3)}
single integral second term:
set()
single integral term:
{(0, 1), (0, 3), (0, 4)}
single integral:
True
tau convexity:
True

Wheel graph with 6 spokes
single integral first term:
{(0, 1), (1, 2), (0, 4), (3, 4), (1, 5), (2, 3), (4, 5), (0, 5), (2, 5), (3, 5)}
single integral second term:
set()
single integral term:
{(0, 1), (0, 4), (1, 5), (0, 5), (2, 5)}
single integral:
True
tau convexity:
True

Wheel graph with 7 spokes
single integral first term:
{(0, 1), (1, 2), (3, 4), (4, 6), (0, 6), (2, 3), (4, 5), (2, 6), (5, 6), (0, 5), (3, 6), (1, 6)}
single integral second term:
set()
single integral term:
{(0, 1), (0, 5), (0, 6)}
single integral:
True
tau convexity:
True

Wheel graph with 8 spokes
single integral first term:
{(0, 1), (0, 7), (1, 2), (3, 4), (2, 7), (3, 7), (5, 7), (0, 6), (2, 3), (6, 7), (1, 7), (4, 5), (5, 6), (4, 7)}
single integral second term:
set()
single integral term:
{(0, 1), (0, 7), (1, 7), (0, 6)}
single integral:
True
tau convexity:
True

Wheel graph with 9 spokes
single integral first term:
{(0, 1), (0, 7), (3, 8), (1, 2), (3, 4), (5, 8), (6, 8), (1, 8), (2, 3), (6, 7), (4, 5), (5, 6), (4, 8), (0, 8), (7, 8), (2, 8)}
single integral second term:
{(0, 8)}
single integral term:
{(0, 1), (0, 7), (0, 8), (1, 8)}
single integral:
True
tau convexity:
True

Wheel graph with 10 spokes
single integral first term:
{(0, 1), (1, 2), (3, 4), (4, 9), (0, 9), (2, 3), (2, 9), (4, 5), (6, 7), (3, 9), (5, 6), (7, 9), (8, 9), (5, 9), (0, 8), (6, 9), (1, 9), (7, 8)}
single integral second term:
set()
single integral term:
{(0, 1), (0, 9), (4, 5), (5, 9), (0, 8)}
single integral:
True
tau convexity:
True

Wheel graph with 11 spokes
single integral first term:
{(3, 4), (3, 10), (5, 10), (8, 9), (7, 10), (4, 5), (5, 6), (0, 1), (9, 10), (1, 2), (0, 10), (2, 10), (6, 7), (6, 10), (4, 10), (0, 9), (8, 10), (2, 3), (1, 10), (7, 8)}
single integral second term:
{(0, 1)}
single integral term:
{(0, 1), (0, 10), (2, 10), (0, 9), (2, 3)}
single integral:
True
tau convexity:
True

Wheel graph with 12 spokes
single integral first term:
{(3, 4), (8, 9), (9, 11), (2, 11), (0, 11), (6, 11), (4, 5), (5, 6), (4, 11), (8, 11), (0, 1), (9, 10), (1, 2), (10, 11), (0, 10), (1, 11), (6, 7), (3, 11), (5, 11), (2, 3), (7, 11), (7, 8)}
single integral second term:
{(0, 11)}
single integral term:
{(0, 1), (0, 10), (1, 11), (9, 11), (0, 11)}
single integral:
True
tau convexity:
True

Wheel graph with 13 spokes
single integral first term:
{(6, 12), (3, 4), (4, 12), (8, 9), (8, 12), (10, 12), (0, 11), (1, 12), (4, 5), (5, 6), (3, 12), (5, 12), (0, 1), (9, 10), (1, 2), (10, 11), (6, 7), (7, 12), (9, 12), (0, 12), (2, 3), (11, 12), (2, 12), (7, 8)}
single integral second term:
{(0, 12)}
single integral term:
{(0, 1), (9, 12), (0, 12), (5, 6), (8, 12), (3, 12), (0, 11)}
single integral:
True
tau convexity:
True

Wheel graph with 14 spokes
single integral first term:
{(3, 4), (12, 13), (5, 13), (3, 13), (8, 9), (7, 13), (4, 5), (5, 6), (0, 1), (9, 10), (1, 2), (9, 13), (10, 11), (0, 13), (11, 13), (2, 13), (6, 7), (6, 13), (4, 13), (10, 13), (0, 12), (2, 3), (8, 13), (1, 13), (11, 12), (7, 8)}
single integral second term:
{(0, 13)}
single integral term:
{(0, 1), (9, 13), (0, 13), (12, 13), (0, 12)}
single integral:
True
tau convexity:
True

Petersen Graph
single integral first term:
{(0, 1), (3, 8), (1, 2), (0, 4), (3, 4), (2, 7), (5, 8), (4, 9), (6, 8), (5, 7), (2, 3), (7, 9), (0, 5), (1, 6), (6, 9)}
single integral second term:
{(0, 1)}
single integral term:
{(0, 1), (0, 4), (0, 5), (7, 9)}
single integral:
True
tau convexity:
True

Cube Graph, dimension =  3
single integral first term:
{(0, 1), (1, 2), (0, 4), (3, 4), (2, 7), (1, 5), (3, 7), (5, 7), (0, 6), (4, 5), (2, 6), (3, 6)}
single integral second term:
{(0, 4)}
single integral term:
{(0, 1), (0, 4), (0, 6)}
single integral:
True
tau convexity:
True

Cube Graph, dimension =  4
single integral first term:
{(4, 6), (4, 12), (3, 10), (12, 13), (4, 15), (3, 13), (0, 2), (8, 9), (0, 5), (9, 11), (10, 12), (2, 8), (6, 11), (6, 14), (14, 15), (0, 1), (9, 10), (2, 7), (1, 11), (2, 13), (7, 9), (7, 12), (6, 10), (3, 8), (3, 14), (5, 11), (5, 8), (5, 14), (1, 4), (1, 7), (0, 15), (13, 15)}
single integral second term:
{(0, 2)}
single integral term:
{(4, 6), (4, 12), (3, 10), (12, 13), (3, 13), (0, 2), (8, 9), (0, 5), (9, 11), (10, 12), (2, 8), (6, 11), (6, 14), (14, 15), (0, 1), (9, 10), (2, 7), (1, 11), (6, 10), (3, 8), (3, 14), (5, 11), (5, 8), (1, 4), (1, 7), (0, 15), (13, 15)}
single integral:
True
tau convexity:
True

Cube Graph, dimension =  5
single integral first term:
{(20, 29), (12, 25), (5, 19), (3, 31), (5, 28), (11, 14), (11, 23), (10, 27), (13, 26), (24, 26), (7, 19), (7, 28), (20, 31), (22, 28), (9, 10), (10, 20), (1, 26), (16, 24), (18, 30), (3, 26), (8, 25), (13, 21), (14, 19), (4, 27), (13, 23), (4, 20), (1, 5), (1, 14), (8, 29), (7, 9), (16, 30), (3, 5), (20, 21), (12, 26), (2, 6), (11, 18), (0, 18), (2, 15), (7, 11), (15, 27), (6, 24), (3, 25), (8, 15), (9, 23), (10, 30), (6, 17), (21, 24), (4, 17), (23, 30), (0, 4), (17, 29), (9, 25), (0, 22), (11, 22), (12, 14), (7, 27), (18, 27), (12, 23), (4, 28), (8, 10), (0, 6), (28, 31), (12, 16), (1, 6), (2, 14), (15, 17), (24, 29), (21, 30), (2, 16), (9, 31), (13, 22), (15, 19), (13, 31), (5, 17), (8, 16), (3, 29), (19, 25), (0, 21), (2, 18), (1, 22)}
single integral second term:
{(12, 23), (10, 27), (12, 16), (13, 26), (8, 10), (0, 22), (8, 29), (19, 25), (28, 31), (20, 31)}
single integral term:
{(15, 27), (12, 16), (8, 25), (14, 19), (3, 25), (20, 29), (5, 19), (1, 6), (4, 27), (3, 31), (8, 15), (11, 14), (2, 14), (11, 23), (9, 23), (10, 30), (13, 23), (10, 27), (13, 26), (15, 17), (24, 26), (7, 19), (6, 17), (24, 29), (7, 28), (21, 24), (21, 30), (20, 31), (22, 28), (4, 20), (9, 10), (23, 30), (0, 4), (1, 5), (17, 29), (2, 16), (1, 14), (9, 25), (0, 22), (8, 29), (7, 9), (9, 31), (10, 20), (11, 22), (13, 22), (1, 26), (15, 19), (16, 24), (16, 30), (3, 5), (12, 14), (18, 30), (7, 27), (18, 27), (12, 23), (12, 26), (4, 28), (3, 26), (5, 17), (8, 10), (0, 6), (3, 29), (8, 16), (11, 18), (19, 25), (2, 6), (0, 21), (2, 18), (28, 31), (0, 18), (2, 15), (13, 21), (1, 22)}
single integral:
True
tau convexity:
True

Cube Graph, dimension =  6
single integral first term:
{(4, 55), (7, 17), (10, 34), (50, 52), (25, 32), (43, 46), (26, 39), (0, 60), (40, 41), (17, 21), (12, 34), (12, 43), (27, 34), (4, 57), (28, 51), (37, 63), (3, 6), (1, 51), (0, 62), (11, 62), (14, 24), (17, 23), (4, 23), (39, 53), (15, 53), (48, 56), (33, 40), (16, 33), (7, 30), (2, 52), (3, 17), (20, 33), (22, 30), (32, 62), (12, 38), (36, 41), (27, 38), (45, 53), (10, 31), (7, 14), (25, 29), (16, 26), (33, 42), (19, 52), (8, 61), (10, 58), (2, 54), (14, 19), (20, 35), (29, 38), (21, 34), (23, 31), (43, 55), (31, 44), (48, 51), (24, 60), (35, 60), (1, 3), (16, 56), (40, 56), (22, 62), (36, 61), (3, 58), (2, 38), (5, 55), (28, 57), (12, 15), (32, 48), (5, 9), (13, 53), (49, 52), (23, 42), (19, 20), (10, 17), (11, 25), (28, 41), (45, 57), (37, 53), (28, 50), (36, 63), (47, 63), (11, 43), (5, 57), (17, 59), (20, 21), (51, 54), (46, 58), (7, 48), (15, 61), (1, 7), (25, 63), (2, 6), (22, 48), (45, 50), (37, 46), (5, 41), (16, 23), (19, 40), (45, 59), (0, 36), (11, 36), (47, 56), (11, 54), (24, 39), (35, 39), (31, 32), (18, 32), (43, 61), (54, 55), (8, 33), (36, 49), (10, 39), (12, 58), (11, 38), (37, 57), (0, 47), (5, 61), (28, 63), (13, 50), (26, 47), (38, 49), (44, 62), (21, 42), (1, 2), (27, 30), (31, 46), (8, 26), (39, 59), (53, 58), (29, 58), (8, 35), (8, 44), (0, 40), (28, 56), (7, 18), (9, 52), (4, 46), (26, 31), (32, 47), (18, 27), (27, 60), (1, 50), (15, 49), (25, 51), (16, 57), (22, 54), (14, 50), (2, 30), (6, 12), (9, 45), (14, 59), (37, 61), (3, 4), (6, 21), (41, 52), (18, 29), (27, 62), (13, 63), (0, 8), (16, 59), (10, 18), (9, 20), (19, 30), (20, 59), (4, 51), (13, 29), (42, 44), (15, 35), (41, 54), (21, 30), (24, 47), (25, 46), (14, 56), (19, 60), (22, 40), (5, 33), (23, 48), (3, 45), (1, 29), (43, 44), (18, 24), (26, 37), (42, 55), (13, 49), (34, 35), (9, 15), (22, 42), (34, 44), (49, 60), (6, 55), (6, 9), (13, 24)}
single integral second term:
{(6, 12), (47, 56), (0, 36), (10, 34), (24, 39), (31, 32), (2, 54), (14, 19), (48, 51), (40, 41), (13, 63), (17, 21), (12, 34), (16, 59), (1, 3), (24, 60), (9, 20), (12, 43), (40, 56), (8, 33), (20, 59), (27, 34), (10, 39), (12, 58), (0, 47), (2, 38), (15, 35), (21, 30), (1, 51), (32, 48), (13, 50), (0, 62), (13, 53), (14, 24), (21, 42), (48, 56), (36, 41), (22, 40), (19, 20), (5, 33), (39, 59), (0, 40), (1, 29), (28, 50), (28, 56), (7, 18), (18, 24), (42, 55), (2, 52), (1, 50), (46, 58), (34, 35), (2, 6), (6, 55), (22, 48), (27, 38), (14, 50)}
single integral term:
{(4, 55), (7, 17), (10, 34), (25, 32), (43, 46), (26, 39), (0, 60), (40, 41), (17, 21), (12, 34), (12, 43), (27, 34), (4, 57), (28, 51), (37, 63), (3, 6), (1, 51), (0, 62), (11, 62), (14, 24), (17, 23), (4, 23), (39, 53), (15, 53), (48, 56), (33, 40), (16, 33), (7, 30), (2, 52), (3, 17), (20, 33), (22, 30), (32, 62), (12, 38), (36, 41), (27, 38), (45, 53), (10, 31), (7, 14), (25, 29), (16, 26), (33, 42), (19, 52), (8, 61), (10, 58), (2, 54), (14, 19), (20, 35), (29, 38), (21, 34), (23, 31), (43, 55), (31, 44), (48, 51), (24, 60), (35, 60), (1, 3), (16, 56), (40, 56), (22, 62), (36, 61), (3, 58), (2, 38), (5, 55), (28, 57), (12, 15), (32, 48), (5, 9), (13, 53), (49, 52), (23, 42), (19, 20), (10, 17), (11, 25), (28, 41), (45, 57), (37, 53), (28, 50), (36, 63), (47, 63), (11, 43), (5, 57), (17, 59), (20, 21), (51, 54), (46, 58), (7, 48), (15, 61), (1, 7), (25, 63), (2, 6), (22, 48), (45, 50), (37, 46), (5, 41), (16, 23), (19, 40), (45, 59), (0, 36), (11, 36), (47, 56), (11, 54), (24, 39), (35, 39), (31, 32), (18, 32), (43, 61), (54, 55), (8, 33), (36, 49), (10, 39), (12, 58), (11, 38), (37, 57), (0, 47), (5, 61), (28, 63), (13, 50), (26, 47), (38, 49), (44, 62), (21, 42), (1, 2), (27, 30), (31, 46), (8, 26), (39, 59), (53, 58), (29, 58), (8, 35), (8, 44), (0, 40), (28, 56), (7, 18), (9, 52), (4, 46), (26, 31), (32, 47), (18, 27), (27, 60), (1, 50), (15, 49), (25, 51), (16, 57), (22, 54), (14, 50), (2, 30), (6, 12), (9, 45), (14, 59), (37, 61), (3, 4), (6, 21), (41, 52), (18, 29), (27, 62), (13, 63), (0, 8), (16, 59), (10, 18), (9, 20), (19, 30), (20, 59), (4, 51), (13, 29), (42, 44), (15, 35), (41, 54), (21, 30), (24, 47), (25, 46), (14, 56), (19, 60), (22, 40), (5, 33), (23, 48), (3, 45), (1, 29), (43, 44), (18, 24), (26, 37), (42, 55), (13, 49), (34, 35), (9, 15), (22, 42), (34, 44), (49, 60), (6, 55), (6, 9), (13, 24)}
single integral:
True
tau convexity:
True

Octahedral Graph
single integral first term:
{(0, 1), (2, 4), (1, 2), (0, 4), (3, 4), (1, 5), (0, 3), (0, 2), (4, 5), (2, 5), (1, 3), (3, 5)}
single integral second term:
set()
single integral term:
{(0, 1), (0, 4), (3, 4), (1, 5), (0, 3), (0, 2), (2, 5)}
single integral:
True
tau convexity:
True

Tetrahedral Graph
single integral first term:
{(0, 1), (1, 2), (0, 3), (2, 3), (0, 2), (1, 3)}
single integral second term:
set()
single integral term:
{(0, 1), (0, 2), (0, 3)}
single integral:
True
tau convexity:
True
Dodecahedral Graph
single integral first term:
{(3, 4), (12, 16), (16, 17), (12, 13), (3, 19), (8, 9), (17, 18), (13, 14), (18, 19), (4, 5), (5, 6), (4, 17), (14, 15), (0, 1), (5, 15), (9, 10), (1, 2), (9, 13), (0, 10), (10, 11), (0, 19), (1, 8), (6, 7), (15, 16), (2, 3), (11, 12), (2, 6), (11, 18), (7, 8), (7, 14)}
single integral second term:
{(0, 1), (0, 19), (1, 8), (0, 10)}
single integral term:
{(0, 1), (0, 10), (0, 19), (11, 12), (15, 16), (4, 5), (8, 9), (11, 18), (17, 18), (14, 15)}
single integral:
True
tau convexity:
True

